300030
300090
300114
300116
300171
300184
300238
300261
300354
300372
300422
300438
300454
300490
300548
300590
300627
300653
300703
300704
300732
300752
300763
300783
300786
300858
300886
300902
300928
300996
301003
301056
301064
301125
301131
301180
301270
301289
301327
301384
301461
301530
301538
301545
301572
301629
301677
301687
301710
301734
301901
301915
301939
301942
301955
301964
302002
302052
302094
302104
302168
302237
302272
302306
302440
302476
302535
302538
302679
302734
302759
302839
302868
302879
302898
302971
303016
303050
303080
303141
303179
303407
303445
303469
303617
303655
303701
303722
303732
303748
303773
303780
303781
303805
303814
303840
303843
303852
303855
303883
303912
303920
303935
303968
303984
304054
304073
304105
304203
304211
304226
304293
304313
304317
304323
304341
304399
304442
304444
304474
304497
304514
304544
304568
304578
304594
304648
304678
304731
304828
304849
304856
304860
304884
304955
304959
305084
305176
305206
305226
305258
305267
305332
305357
305434
305437
305441
305493
305504
305545
305628
305709
305729
305761
305765
305801
305809
305831
305928
305944
305962
305977
305989
305992
305998
306038
306090
306091
306122
306347
306373
306376
306385
306405
306470
306472
306577
306591
306609
306621
306623
306624
306638
306650
306734
306754
306760
306856
306869
306985
306993
307007
307032
307044
307116
307142
307149
307190
307269
307353
307357
307383
307677
307682
307690
307719
307769
307796
307873
307966
307974
307977
308023
308117
308152
308196
308385
308401
308423
308424
308447
308458
308477
308487
308521
308598
308664
308680
308686
308693
308753
308755
308788
308807
308866
308892
308904
308906
308964
308984
308996
309056
309069
309103
309367
309396
309453
309486
309518
309551
309573
309668
309917
309936
309956
309959
309979
309998
310050
310076
310079
310142
310257
310266
310317
310347
310407
310445
310544
310649
310652
310654
310707
310748
310851
310855
311002
311005
311015
311062
311122
311163
311199
311268
311305
311321
311329
311348
311418
311485
311499
311515
311619
311635
311650
311668
311795
311834
311861
311863
311905
311925
311982
312006
312157
312191
312217
312232
312243
312300
312308
312366
312451
312496
312552
312721
312737
312788
312825
312900
312920
313000
313028
313088
313227
313326
313416
313425
313460
313467
313519
313521
313593
313658
313700
313834
313839
313846
313852
313869
313886
313890
313900
313944
313972
313980
313984
313996
314043
314157
314176
314179
314251
314268
314279
314306
314312
314429
314477
314488
314509
314515
314526
314534
314545
314548
314565
314583
314661
314682
314695
314704
314734
314761
314791
314957
315001
315023
315082
315089
315105
315267
315282
315298
315321
315371
315405
315427
315487
315546
315554
315596
315615
315692
315777
315786
315796
315798
315820
315822
315823
315844
315932
315953
315970
316034
316046
316057
316145
316197
316320
316371
316393
316415
316445
316515
316592
316688
316704
316755
316818
316842
316870
316895
316944
316945
317030
317078
317101
317195
317231
317328
317374
317447
317527
317538
317606
317665
317681
317684
317716
317739
317755
317847
317994
318046
318056
318066
318077
318213
318226
318234
318263
318596
318676
318726
318746
318747
318877
318899
318961
318979
318996
319032
319060
319092
319148
319166
319182
319183
319264
319269
319326
319337
319376
319410
319470
319573
319584
319639
319786
319853
319856
319857
319880
319893
319923
319938
319989
320008
320146
320189
320205
320232
320315
320409
320410
320414
320432
320538
320550
320666
320667
320671
320677
320697
320757
320854
320929
321026
321044
321063
321064
321169
321172
321209
321240
321264
321281
321315
321335
321371
321412
321462
321478
321517
321611
321634
321635
321676
321731
321747
321761
321846
321862
321904
322010
322030
322059
322146
322157
322169
322213
322258
322278
322440
322517
322631
322633
322637
322693
322701
322712
322720
322730
322736
322771
322786
322911
322913
322929
322977
323012
323047
323067
323122
323188
323214
323232
323301
323308
323386
323389
323464
323478
323481
323560
323562
323583
323616
323624
323647
323667
323687
323770
323839
323858
323920
323962
324047
324072
324077
324102
324161
324170
324196
324202
324379
324408
324486
324586
324611
324614
324795
324809
324847
324876
324990
325009
325010
325017
325042
325077
325084
325134
325135
325146
325206
325208
325251
325360
325431
325458
325587
325634
325650
325778
325806
325817
325823
325843
325901
325908
325919
325963
325970
326033
326080
326084
326088
326135
326238
326280
326363
326373
326374
326395
326431
326444
326471
326531
326583
326611
326681
326682
326684
326695
327011
327129
327198
327243
327257
327308
327403
327449
327489
327524
327558
327588
327600
327653
327700
327714
327788
327806
327830
327862
328056
328089
328126
328140
328158
328170
328172
328200
328215
328288
328338
328360
328393
328425
328430
328477
328525
328569
328577
328585
328587
328593
328627
328730
328758
328807
328817
328835
328846
328851
328888
328890
328951
329003
329050
329153
329215
329267
329278
329477
329491
329595
329597
329628
329643
329655
329658
329687
329755
329842
329859
329953
329974
329991
329996
330114
330133
330155
330157
330202
330304
330464
330539
330575
330583
330654
330671
330681
330717
330735
330758
330779
330826
330834
330872
330918
330954
330979
330981
331037
331074
331098
331139
331215
331218
331308
331320
331339
331340
331379
331380
331390
331394
331398
331429
331452
331461
331471
331508
331515
331522
331534
331548
331573
331586
331596
331603
331645
331681
331697
331699
331710
331713
331738
331777
331803
331826
331842
331843
331847
331869
331921
331951
331964
331973
332007
332009
332011
332059
332061
332073
332074
332112
332129
332231
332287
332358
332379
332522
332523
332564
332627
332699
332704
332706
332797
332864
332981
332988
333188
333218
333237
333246
333278
333282
333283
333351
333392
333396
333410
333419
333429
333525
333593
333679
333713
333717
333736
333794
333804
333847
334013
334151
334170
334175
334220
334372
334381
334515
334591
334599
334639
334719
334796
334803
334816
334835
334874
334918
334950
334967
334986
335044
335055
335086
335116
335160
335198
335215
335222
335248
335280
335360
335378
335381
335436
335578
335596
335604
335616
335620
335626
335646
335655
335745
335862
335876
335892
335928
335947
335950
335994
336013
336014
336064
336067
336154
336256
336257
336287
336301
336309
336343
336347
336476
336484
336505
336590
336593
336594
336597
336711
336740
336857
336943
337091
337105
337106
337114
337166
337192
337195
337205
337216
337233
337237
337241
337242
337357
337387
337402
337480
337529
337560
337632
337651
337667
337693
337787
337817
337821
337879
337890
337924
337949
337965
338056
338079
338265
338275
338319
338326
338332
338360
338388
338389
338418
338422
338468
338477
338510
338526
338558
338563
338583
338589
338642
338646
338688
338750
338752
338852
338901
338986
339093
339101
339113
339145
339182
339198
339289
339339
339388
339519
339552
339569
339620
339624
339706
339719
339720
339723
339790
339839
339846
339855
339899
340126
340129
340143
340245
340282
340294
340303
340313
340423
340440
340442
340498
340528
340612
340657
340686
340795
340863
340876
340885
340902
340978
340980
341100
341162
341173
341181
341264
341292
341340
341439
341447
341554
341709
341735
341765
341803
341847
341875
341879
341904
341955
342008
342035
342040
342089
342094
342095
342121
342227
342302
342332
342351
342416
342494
342512
342527
342570
342653
342656
342707
342713
342833
342864
342918
342932
342946
342948
342987
343039
343108
343201
343249
343275
343443
343470
343482
343485
343492
343505
343510
343551
343553
343581
343590
343599
343668
343710
343722
343753
343777
343796
343823
343825
343871
343912
343968
343988
344010
344035
344044
344049
344053
344058
344117
344120
344178
344185
344190
344198
344257
344302
344370
344374
344395
344470
344518
344575
344583
344599
344617
344624
344660
344674
344718
344897
344918
344944
344945
345044
345059
345097
345104
345115
345168
345170
345193
345228
345247
345256
345434
345510
345519
345526
345527
345530
345587
345674
345736
345743
345915
345925
346098
346103
346106
346139
346143
346172
346231
346233
346249
346261
346312
346331
346404
346424
346478
346557
346604
346661
346669
346682
346772
346830
346848
346859
346910
346915
346930
347025
347030
347042
347085
347090
347138
347165
347171
347218
347242
347261
347289
347327
347371
347405
347408
347416
347439
347499
347622
347697
347700
347745
347865
347917
347943
347946
348028
348034
348079
348080
348128
348201
348262
348281
348303
348377
348400
348433
348459
348505
348532
348537
348570
348614
348633
348655
348667
348685
348711
348785
348797
348804
348832
348839
348897
349026
349105
349207
349249
349311
349334
349430
349436
349632
349752
349768
349773
349808
349823
349986
349987
349994
350050
350078
350178
350204
350257
350273
350305
350338
350376
350394
350403
350440
350441
350442
350532
350583
350640
350662
350667
350680
350712
350749
350755
350758
350760
350795
350798
350820
350848
350891
350930
350983
351081
351149
351181
351191
351220
351232
351256
351319
351409
351461
351506
351534
351548
351587
351661
351746
351768
351770
351789
351801
351875
351930
352065
352084
352089
352113
352186
352238
352239
352267
352305
352351
352357
352366
352376
352393
352438
352494
352513
352598
352603
352632
352686
352761
352877
352883
352920
352936
352955
352962
353001
353005
353060
353084
353108
353157
353229
353235
353284
353299
353327
353508
353515
353601
353604
353609
353621
353667
353718
353778
353829
353915
353998
354120
354204
354214
354241
354250
354265
354298
354316
354331
354337
354358
354365
354438
354473
354476
354490
354495
354502
354551
354557
354595
354601
354674
354693
354761
354767
354793
354854
354876
354890
354910
355049
355061
355065
355067
355076
355087
355156
355159
355182
355198
355220
355259
355280
355296
355368
355369
355393
355492
355557
355608
355624
355647
355653
355727
355731
355782
355797
355826
355830
355970
356010
356012
356060
356089
356111
356159
356199
356203
356249
356268
356275
356330
356332
356459
356489
356501
356512
356544
356556
356565
356566
356568
356641
356725
356754
356874
357002
357061
357087
357194
357196
357205
357232
357244
357293
357386
357405
357426
357499
357507
357692
357693
357728
357755
357779
357827
357946
357953
357956
357977
357986
358038
358040
358049
358126
358156
358161
358332
358370
358581
358623
358635
358661
358688
358757
358896
358946
358951
359045
359080
359087
359135
359151
359237
359240
359267
359301
359405
359441
359455
359548
359627
359645
359692
359705
359717
359724
359797
359849
359960
360050
360119
360172
360239
360274
360285
360293
360317
360405
360418
360440
360462
360517
360623
360667
360700
360721
360803
360824
360862
360899
360915
360922
360976
360981
361002
361046
361051
361084
361120
361164
361178
361220
361222
361253
361287
361332
361359
361384
361440
361450
361538
361589
361644
361692
361756
361810
361818
361838
361862
361872
361910
361948
361985
362087
362101
362127
362140
362161
362192
362209
362214
362231
362249
362297
362351
362394
362446
362537
362540
362628
362631
362648
362650
362754
362961
362966
362969
363005
363045
363062
363080
363210
363224
363374
363473
363481
363499
363506
363542
363547
363566
363643
363644
363649
363845
363863
363910
363951
363987
363992
364117
364162
364166
364182
364186
364225
364240
364251
364282
364368
364382
364444
364483
364548
364572
364585
364609
364648
364670
364686
364703
364727
364755
364766
364811
364846
364848
364872
364932
364983
365020
365113
365128
365199
365217
365276
365289
365325
365334
365372
365380
365408
365442
365471
365528
365631
365636
365700
365778
365812
365828
365898
365947
366032
366154
366166
366198
366204
366221
366272
366286
366293
366316
366331
366350
366486
366492
366512
366514
366523
366531
366565
366611
366635
366828
366838
366839
366877
366901
366909
367046
367186
367194
367196
367248
367271
367313
367321
367329
367373
367396
367435
367512
367549
367580
367592
367637
367704
367739
367745
367817
367935
367978
368010
368056
368061
368068
368126
368175
368204
368291
368323
368351
368362
368377
368446
368460
368497
368510
368562
368592
368623
368632
368648
368659
368704
368724
368760
368830
368944
368968
368978
368998
369117
369144
369153
369227
369259
369267
369359
369442
369456
369466
369471
369561
369577
369617
369619
369645
369719
369778
369856
369857
369881
369905
369906
369987
370038
370066
370162
370179
370201
370220
370244
370281
370297
370371
370402
370418
370461
370462
370519
370606
370694
370792
370795
370805
370833
370839
370868
370912
370936
370944
371059
371111
371119
371120
371124
371185
371197
371216
371248
371445
371482
371501
371596
371607
371644
371698
371733
371816
371831
371847
371865
371867
371924
371925
371951
371978
372050
372077
372088
372173
372185
372204
372247
372266
372286
372323
372371
372387
372424
372462
372469
372500
372519
372626
372657
372673
372679
372685
372726
372747
372818
372821
372904
372912
372914
372954
372982
372983
373023
373046
373112
373138
373156
373222
373295
373361
373534
373549
373600
373710
373756
373759
373940
374001
374052
374134
374164
374376
374389
374396
374425
374477
374484
374568
374597
374646
374692
374699
374701
374721
374800
374826
374881
374925
374997
375044
375056
375064
375183
375262
375319
375320
375333
375442
375560
375594
375651
375684
375691
375703
375718
375803
375833
375855
375913
375928
375976
375996
376017
376046
376074
376160
376214
376324
376409
376417
376466
376512
376550
376633
376850
376853
376877
376924
376961
377058
377142
377168
377203
377211
377258
377296
377393
377401
377492
377529
377541
377549
377568
377587
377659
377708
377735
377761
377795
377852
377857
377877
377879
377881
377943
377993
378001
378029
378036
378057
378117
378152
378163
378217
378241
378271
378296
378302
378331
378348
378367
378370
378521
378586
378599
378617
378623
378703
378724
378781
378798
378939
379067
379087
379129
379167
379233
379285
379323
379375
379385
379483
379521
379534
379546
379566
379606
379643
379660
379664
379729
379736
379790
379792
379798
379810
379822
379826
379962
380040
380047
380068
380084
380115
380230
380273
380399
380412
380417
380430
380478
380506
380529
380612
380689
380707
380744
380791
380814
380818
380819
380833
380896
380989
381129
381141
381149
381175
381184
381224
381241
381312
381314
381365
381409
381464
381481
381507
381536
381596
381606
381846
381886
381931
381960
381961
382121
382126
382141
382248
382293
382311
382430
382449
382456
382538
382587
382650
382654
382690
382721
382805
382857
382932
382937
382984
383012
383074
383115
383243
383267
383344
383352
383357
383373
383397
383407
383432
383463
383564
383586
383635
383661
383669
383674
383703
383705
383749
383821
383840
383860
383912
383925
383947
384000
384043
384046
384128
384205
384206
384273
384278
384285
384294
384459
384499
384566
384635
384680
384696
384722
384754
384776
384788
384811
384854
384855
384860
384938
384944
384973
384988
385102
385109
385258
385268
385306
385319
385333
385345
385378
385401
385421
385434
385450
385454
385493
385579
385704
385727
385764
385790
385796
385823
385865
385930
385975
386015
386121
386124
386128
386225
386282
386284
386324
386342
386351
386361
386364
386370
386388
386470
386548
386585
386595
386677
386720
386739
386806
386867
386942
386943
386960
387043
387085
387095
387127
387142
387160
387195
387218
387295
387302
387347
387348
387349
387367
387387
387411
387414
387445
387553
387563
387588
387659
387661
387686
387758
387808
387865
387894
388002
388036
388067
388084
388112
388122
388159
388166
388172
388200
388238
388239
388251
388298
388322
388342
388364
388419
388533
388600
388604
388611
388620
388643
388644
388704
388757
388780
388797
388812
388867
388891
388955
388957
388970
389015
389022
389072
389093
389204
389205
389207
389230
389258
389261
389283
389376
389378
389410
389495
389531
389547
389596
389616
389626
389631
389699
389732
389762
389821
389824
389873
389897
389902
389906
389919
389935
389972
390042
390053
390062
390084
390106
390136
390145
390198
390215
390248
390255
390297
390306
390318
390329
390340
390345
390352
390385
390396
390479
390484
390492
390498
390598
390625
390655
390668
390687
390699
390718
390784
390827
390854
390973
390985
391041
391080
391089
391152
391266
391299
391348
391385
391397
391488
391506
391532
391538
391641
391661
391788
391858
391905
391923
391929
392011
392067
392070
392150
392210
392219
392276
392344
392365
392377
392407
392479
392524
392534
392558
392568
392580
392588
392595
392686
392735
392751
392836
392902
393047
393050
393054
393132
393201
393268
393291
393313
393324
393328
393363
393378
393399
393436
393442
393491
393501
393507
393554
393578
393664
393751
393756
393848
393879
393895
393967
393991
393998
394007
394094
394161
394205
394226
394227
394306
394339
394344
394355
394440
394456
394471
394474
394574
394624
394689
394824
394843
394868
394879
394893
394955
394972
394985
394990
395030
395078
395109
395157
395189
395225
395300
395358
395371
395382
395408
395477
395509
395589
395590
395673
395699
395700
395717
395731
395767
395793
395800
395804
395883
395912
395914
395937
395952
395959
395962
395965
395966
396010
396074
396087
396117
396118
396139
396190
396229
396252
396259
396267
396280
396323
396329
396412
396438
396464
396472
396491
396632
396672
396707
396712
396716
396778
396864
396868
396882
396910
396929
397050
397149
397191
397336
397359
397376
397405
397414
397454
397469
397488
397529
397572
397642
397710
397769
397801
397836
397837
397861
397922
397934
397988
398007
398016
398091
398165
398183
398449
398468
398514
398543
398563
398652
398703
398707
398721
398729
398781
398802
398859
398892
398909
398963
398970
398985
398994
399026
399071
399101
399108
399125
399127
399162
399166
399230
399234
399235
399300
399525
399530
399559
399653
399739
399750
399760
399809
399912
399935
399964
399971
399973
399995
400175
400177
400196
400394
400402
400515
400634
400657
400659
400708
400760
400794
400816
401018
401116
401157
401164
401194
401196
401266
401269
401287
401296
401308
401372
401468
401484
401547
401596
401607
401710
401757
401776
401809
401826
401839
401908
401929
401946
401956
402010
402033
402054
402056
402067
402083
402163
402224
402308
402316
402321
402348
402386
402390
402426
402446
402460
402475
402701
402723
402856
402881
402937
402989
402997
403014
403021
403036
403038
403130
403153
403212
403259
403293
403482
403507
403537
403553
403584
403695
403698
403719
403748
403771
403813
403856
403862
403914
403919
403930
403936
403991
404006
404024
404044
404095
404123
404188
404309
404470
404472
404474
404479
404526
404545
404567
404576
404577
404656
404667
404745
404784
404841
404855
404868
404914
404931
404947
404997
405010
405060
405145
405150
405299
405309
405331
405364
405431
405469
405494
405510
405511
405517
405529
405642
405685
405812
405861
405872
405884
405907
405955
406053
406098
406263
406429
406483
406493
406536
406537
406552
406569
406617
406665
406782
406816
406856
406876
406918
406941
406971
407013
407021
407058
407286
407307
407328
407336
407344
407375
407410
407450
407474
407487
407494
407542
407547
407565
407601
407648
407680
407709
407765
407898
407899
408025
408178
408186
408241
408257
408270
408285
408289
408294
408309
408358
408430
408464
408491
408500
408520
408602
408645
408740
408793
408817
408904
408917
408946
409043
409063
409074
409079
409097
409108
409121
409184
409189
409328
409393
409504
409527
409567
409608
409650
409669
409716
409719
409730
409732
409759
409778
409790
409820
409843
409880
409909
409963
410054
410109
410238
410271
410419
410439
410442
410460
410535
410537
410556
410591
410624
410694
410747
410764
410784
410882
410985
411007
411037
411041
411046
411085
411153
411302
411384
411386
411396
411404
411414
411477
411492
411557
411580
411600
411632
411692
411719
411823
411872
411881
411904
411910
411952
412105
412142
412170
412203
412231
412285
412294
412319
412347
412364
412401
412550
412552
412555
412608
412634
412655
412691
412695
412752
412765
412775
412811
412829
412871
412923
412954
412974
412992
413068
413100
413163
413187
413205
413234
413241
413271
413292
413377
413380
413433
413439
413456
413492
413527
413555
413651
413688
413774
413792
413798
413813
413961
414008
414074
414097
414104
414113
414166
414235
414277
414339
414344
414377
414398
414401
414431
414467
414477
414609
414636
414681
414699
414734
414796
414818
414835
414983
414999
415002
415016
415079
415105
415150
415152
415310
415317
415364
415433
415493
415534
415563
415572
415573
415580
415618
415664
415692
415707
415758
415802
415810
415814
415821
415864
415902
415913
416026
416030
416056
416089
416090
416125
416127
416154
416165
416190
416213
416304
416320
416379
416434
416439
416443
416444
416464
416473
416495
416547
416607
416616
416617
416631
416650
416703
416717
416722
416824
416840
416916
416920
416969
417000
417024
417071
417130
417152
417168
417233
417252
417288
417309
417314
417506
417542
417581
417683
417687
417790
417801
417817
417889
417898
417950
418085
418089
418103
418147
418230
418300
418341
418465
418541
418554
418581
418623
418662
418702
418709
418832
418941
418975
418979
419054
419090
419096
419117
419129
419162
419195
419196
419203
419312
419386
419397
419411
419437
419483
419485
419507
419581
419605
419681
419694
419766
419779
419835
419872
419914
419956
420006
420026
420096
420113
420312
420316
420372
420388
420428
420451
420517
420532
420539
420540
420616
420624
420673
420740
420792
420825
420833
420879
420974
421010
421124
421127
421134
421161
421192
421223
421237
421274
421284
421346
421392
421393
421507
421621
421632
421681
421694
421703
421708
421731
421733
421743
421781
421792
421868
421873
421910
421925
421945
421999
422004
422086
422156
422159
422198
422215
422220
422249
422311
422335
422348
422379
422413
422548
422633
422666
422802
422815
422827
422917
422968
422998
423172
423226
423228
423229
423318
423338
423373
423433
423445
423481
423487
423497
423562
423589
423601
423649
423680
423805
423837
423848
423874
423918
423933
423985
424017
424060
424120
424154
424179
424198
424245
424250
424315
424319
424427
424432
424481
424490
424561
424585
424636
424638
424669
424692
424736
424745
424780
424855
424867
424961
425023
425038
425082
425120
425145
425217
425263
425370
425384
425465
425476
425479
425491
425518
425547
425557
425660
425677
425697
425703
425704
425707
425795
425796
425848
425863
425920
425939
426013
426037
426177
426192
426269
426370
426385
426514
426536
426617
426677
426697
426705
426776
426779
426788
426817
426837
426841
426891
426988
427048
427056
427094
427096
427122
427316
427354
427364
427407
427437
427529
427584
427672
427696
427827
427843
427844
427852
427886
427887
427910
427954
427971
427983
427997
428097
428153
428177
428244
428388
428400
428448
428460
428481
428492
428516
428520
428543
428585
428619
428662
428736
428775
428819
428834
428891
428911
428946
429026
429139
429146
429160
429164
429213
429257
429313
429352
429358
429373
429375
429387
429493
429608
429660
429674
429750
429804
429837
429939
430106
430116
430143
430165
430170
430174
430217
430342
430351
430403
430432
430542
430701
430756
430770
430785
430796
430853
430869
430893
430940
431015
431024
431099
431113
431121
431125
431223
431235
431259
431300
431329
431342
431455
431470
431485
431515
431638
431674
431719
431734
431945
431990
432015
432064
432096
432107
432209
432229
432232
432309
432378
432386
432425
432470
432482
432489
432500
432537
432553
432601
432655
432711
432714
432746
432834
432869
432893
432895
432915
432920
432926
432934
432956
433127
433128
433204
433215
433252
433262
433290
433346
433426
433499
433531
433599
433617
433670
433724
433725
433808
433809
433851
433881
433915
433926
434004
434103
434167
434208
434237
434307
434337
434361
434364
434382
434395
434444
434472
434572
434616
434618
434661
434679
434716
434931
434953
434977
434997
435023
435053
435062
435064
435219
435226
435272
435309
435348
435414
435421
435500
435531
435602
435610
435618
435645
435731
435770
435772
435820
435868
435889
435900
435948
435968
435992
435994
435996
436006
436101
436187
436284
436305
436425
436494
436505
436511
436773
436810
436822
436959
437011
437102
437169
437187
437203
437251
437267
437281
437325
437348
437496
437577
437622
437646
437649
437713
437749
437765
437804
437929
437937
437942
437990
438002
438014
438115
438139
438141
438262
438353
438388
438444
438452
438468
438541
438545
438560
438607
438638
438678
438715
438752
438821
438891
438913
439020
439078
439134
439181
439196
439206
439207
439212
439214
439292
439309
439322
439414
439431
439489
439506
439569
439625
439712
439721
439769
439784
439797
439826
439828
439833
439850
439865
439912
439925
439985
440017
440165
440176
440195
440206
440207
440225
440250
440260
440327
440361
440430
440436
440464
440472
440486
440498
440521
440616
440660
440670
440680
440701
440731
440732
440770
440865
440957
440989
441103
441142
441176
441242
441347
441456
441577
441622
441686
441737
441794
441900
441902
441918
442023
442037
442098
442125
442187
442200
442258
442279
442330
442372
442391
442416
442427
442832
442840
442841
442868
442900
443019
443028
443121
443125
443131
443151
443170
443176
443187
443192
443206
443255
443267
443273
443285
443310
443318
443370
443381
443411
443491
443500
443525
443534
443571
443574
443676
443711
443769
443800
443806
443900
443950
443986
444027
444147
444152
444172
444197
444431
444449
444452
444511
444529
444565
444616
444625
444739
444812
444815
444835
444850
444886
444912
444921
444939
444957
444963
445036
445087
445097
445168
445207
445329
445399
445458
445470
445480
445533
445534
445542
445556
445627
445653
445730
445755
445773
445779
445806
445821
445834
445915
445924
445936
445973
446034
446038
446098
446131
446144
446242
446268
446296
446394
446408
446446
446532
446538
446560
446584
446654
446706
446768
446810
446862
446915
446919
446980
447008
447051
447090
447140
447159
447180
447213
447330
447349
447363
447388
447435
447466
447517
447641
447680
447715
447784
447811
447845
447856
447862
447888
447924
447993
448052
448120
448202
448259
448271
448291
448338
448361
448376
448433
448480
448519
448538
448557
448596
448634
448661
448668
448671
448707
448717
448775
448873
448895
448938
448941
448998
449029
449041
449061
449066
449070
449118
449125
449141
449144
449252
449303
449311
449328
449446
449453
449611
449646
449757
449883
449901
449931
449985
450024
450049
450093
450098
450119
450155
450220
450243
450314
450351
450356
450388
450414
450468
450491
450613
450652
450670
450694
450763
450802
450810
450833
450861
450878
450928
450933
451010
451017
451028
451190
451209
451248
451274
451374
451403
451524
451565
451567
451609
451613
451642
451713
451777
451786
451824
451882
451936
451985
452012
452031
452055
452132
452169
452248
452261
452294
452387
452395
452415
452549
452581
452608
452613
452683
452722
452770
452797
452818
452841
452890
452943
453086
453122
453142
453149
453187
453202
453296
453305
453309
453312
453356
453357
453376
453386
453452
453495
453591
453669
453684
453720
453738
453767
453838
453848
453849
453861
453903
453906
453911
453924
453989
454061
454062
454095
454134
454153
454168
454194
454263
454286
454339
454351
454353
454368
454386
454408
454447
454466
454533
454584
454588
454610
454638
454733
454756
454777
454793
454818
454977
455033
455035
455066
455132
455178
455205
455218
455262
455279
455386
455443
455469
455474
455640
455655
455696
455734
455751
455780
455781
455798
455850
455858
455936
455969
456019
456042
456083
456099
456117
456213
456278
456388
456406
456475
456479
456482
456490
456501
456523
456578
456618
456642
456670
456749
456770
456848
456868
456899
456924
456969
457020
457054
457118
457184
457187
457188
457248
457325
457354
457408
457413
457429
457468
457550
457629
457752
457757
457779
457794
457809
457830
457892
457970
458005
458039
458053
458178
458364
458365
458367
458398
458436
458450
458456
458461
458494
458539
458540
458567
458589
458594
458628
458719
458776
458791
458815
458917
458939
458962
458967
458977
458981
459009
459011
459023
459058
459175
459195
459236
459282
459285
459367
459368
459434
459480
459502
459532
459586
459657
459659
459673
459850
459898
459941
459943
459982
460006
460030
460137
460149
460242
460250
460426
460455
460467
460501
460574
460610
460692
460717
460765
460982
461006
461044
461050
461070
461091
461210
461281
461282
461283
461312
461315
461331
461346
461357
461365
461367
461372
461517
461524
461535
461550
461594
461667
461736
461752
461782
461828
461838
461896
461952
461954
461970
461976
461999
462030
462043
462105
462172
462181
462221
462289
462355
462364
462455
462457
462487
462503
462507
462508
462515
462525
462527
462534
462542
462582
462592
462689
462721
462730
462779
462803
462805
462868
462921
462999
463009
463081
463085
463149
463160
463178
463207
463251
463253
463282
463309
463319
463326
463347
463436
463479
463490
463499
463502
463505
463527
463578
463723
463758
463818
463870
463879
463943
463958
463966
463998
464042
464059
464062
464118
464162
464170
464210
464219
464243
464259
464263
464432
464441
464453
464494
464515
464550
464562
464585
464595
464638
464706
464712
464749
464763
464768
464774
464812
464853
464867
464905
464919
464987
465057
465144
465183
465192
465202
465258
465298
465332
465361
465363
465376
465519
465547
465614
465658
465664
465676
465704
465713
465801
465820
465828
465842
465899
465907
465922
465935
466090
466213
466256
466262
466283
466288
466358
466370
466384
466414
466439
466454
466509
466537
466661
466693
466698
466717
466815
466825
466836
466883
466973
466987
467012
467038
467184
467190
467269
467291
467294
467303
467321
467341
467353
467366
467441
467550
467555
467623
467632
467646
467716
467730
467750
467764
467770
467824
467827
467829
467849
467858
467881
467884
467900
467926
468059
468241
468246
468337
468350
468489
468702
468726
468737
468771
468819
468859
468897
469072
469204
469205
469207
469230
469235
469292
469306
469339
469439
469498
469579
469585
469597
469598
469623
469663
469732
469776
469828
469852
469918
469929
469931
469972
469996
470005
470058
470088
470208
470230
470303
470359
470471
470487
470491
470605
470650
470674
470769
470772
470777
470878
470892
470922
470994
471021
471087
471154
471173
471184
471228
471251
471327
471360
471385
471517
471557
471572
471603
471640
471678
471686
471719
471745
471755
471772
471811
471878
472058
472065
472095
472114
472128
472134
472143
472144
472227
472369
472381
472419
472423
472490
472524
472549
472637
472650
472665
472742
472763
472768
472798
472920
472968
472969
472982
472988
473005
473018
473019
473024
473185
473505
473577
473645
473658
473660
473668
473687
473688
473701
473715
473747
473766
473834
473847
473889
473914
474043
474123
474201
474388
474553
474561
474583
474618
474627
474676
474696
474722
474799
474892
474918
474949
474973
475069
475086
475115
475168
475195
475244
475303
475325
475333
475492
475523
475566
475686
475694
475724
475779
475786
475796
475797
475801
475828
475832
475849
475896
475911
475956
476019
476050
476073
476082
476092
476095
476098
476259
476260
476302
476379
476381
476452
476511
476515
476520
476528
476597
476679
476731
476766
476774
476814
476836
476842
476875
476876
476880
476891
476905
476925
476927
476939
476972
476984
477001
477012
477028
477116
477125
477149
477167
477172
477203
477262
477266
477269
477313
477450
477542
477596
477597
477616
477648
477649
477695
477735
477746
477784
477811
477925
477929
477934
477982
478048
478051
478058
478073
478119
478228
478254
478419
478437
478451
478470
478485
478584
478626
478640
478674
478709
478759
478906
478916
478969
479058
479059
479063
479070
479074
479079
479105
479123
479140
479194
479225
479266
479343
479357
479402
479459
479466
479535
479587
479664
479707
479753
479774
479817
479948
479984
480045
480149
480153
480155
480262
480315
480353
480360
480390
480391
480443
480449
480507
480514
480562
480593
480626
480789
480806
480815
480826
480827
480839
480851
480919
480967
480995
481036
481042
481078
481141
481155
481166
481188
481283
481304
481438
481449
481454
481483
481538
481553
481625
481644
481645
481681
481708
481766
481797
481820
481821
481845
481860
481880
481903
481907
481909
481917
481949
481971
481980
482024
482027
482152
482170
482322
482422
482471
482497
482539
482609
482680
482691
482716
482736
482762
482763
482770
482776
482793
482796
482799
482820
482872
482873
482914
482922
482943
482965
482997
483088
483105
483111
483143
483190
483252
483281
483345
483354
483369
483405
483436
483470
483517
483538
483545
483555
483556
483577
483651
483705
483737
483792
483810
483884
483919
483921
483936
483964
484045
484066
484103
484163
484307
484313
484335
484376
484377
484397
484476
484493
484521
484524
484561
484576
484619
484679
484702
484770
484777
484806
484828
484950
485033
485051
485187
485202
485216
485226
485334
485381
485390
485435
485439
485465
485532
485568
485587
485591
485662
485676
485691
485716
485771
485874
485953
485954
485962
486036
486046
486059
486085
486161
486163
486223
486249
486262
486275
486311
486377
486425
486465
486524
486575
486606
486612
486640
486649
486665
486678
486690
486698
486699
486788
486842
486858
486900
486930
486946
486981
486991
487067
487072
487103
487267
487515
487527
487671
487688
487695
487699
487764
487837
487839
487906
487941
487946
488091
488188
488190
488272
488274
488320
488330
488383
488515
488568
488667
488802
488821
488874
488920
488930
488968
488993
489013
489028
489033
489035
489077
489130
489139
489140
489157
489178
489237
489276
489295
489300
489302
489385
489409
489418
489455
489463
489640
489673
489816
489820
489835
489848
490022
490030
490075
490204
490214
490279
490314
490477
490510
490600
490640
490658
490678
490820
490880
490921
490945
491031
491048
491051
491133
491145
491151
491160
491201
491293
491560
491562
491611
491668
491778
491859
491956
492039
492051
492077
492083
492141
492292
492315
492362
492410
492474
492574
492599
492627
492660
492758
492778
492798
492826
492843
492858
492886
492905
493132
493140
493159
493222
493224
493241
493281
493424
493461
493467
493514
493544
493590
493633
493653
493713
493791
493814
493829
493831
493834
493840
493887
493895
493899
493908
493920
493940
493955
493999
494002
494019
494042
494057
494070
494071
494119
494133
494304
494315
494380
494424
494469
494533
494579
494632
494680
494691
494861
494870
494907
494917
494994
495008
495026
495028
495126
495297
495313
495353
495354
495360
495379
495397
495400
495416
495434
495513
495520
495619
495622
495628
495635
495648
495737
495754
495809
495821
495885
495919
495971
496003
496030
496062
496064
496181
496191
496267
496293
496300
496365
496371
496402
496410
496446
496471
496573
496577
496581
496585
496586
496595
496608
496656
496670
496809
496843
496882
496915
496949
496983
496988
497086
497089
497122
497139
497348
497351
497436
497506
497507
497678
497751
497756
497814
497930
497950
498001
498048
498078
498083
498088
498121
498131
498138
498188
498229
498240
498300
498323
498341
498522
498571
498671
498673
498688
498727
498740
498762
498774
498801
498815
498821
498834
498844
498864
498873
498904
498921
498960
498992
498993
499013
499102
499131
499139
499256
499257
499270
499285
499295
499371
499416
499435
499497
499516
499537
499546
499578
499597
499614
499651
499676
499730
499740
499768
499774
499843
499885
499954
499971
499987
500035
500076
500082
500103
500146
500190
500277
500297
500332
500368
500404
500428
500509
500520
500557
500700
500742
500746
500792
500826
500870
500942
500965
500979
501012
501038
501041
501063
501114
501210
501328
501349
501442
501470
501514
501521
501554
501684
501729
501778
501779
501885
501905
501931
501932
501956
501969
501976
502017
502043
502086
502132
502158
502312
502323
502353
502392
502394
502403
502420
502423
502426
502469
502514
502532
502567
502585
502607
502714
502804
502814
502815
502872
502965
502971
502994
502996
503087
503092
503201
503220
503371
503381
503399
503508
503520
503521
503524
503552
503556
503598
503623
503630
503645
503655
503660
503730
503739
503786
503826
503828
503979
503999
504004
504012
504051
504064
504093
504105
504121
504209
504241
504261
504392
504425
504440
504459
504466
504548
504679
504698
504730
504770
504836
505015
505033
505039
505066
505074
505119
505156
505242
505251
505256
505288
505295
505413
505421
505448
505490
505492
505494
505523
505533
505650
505699
505769
505793
505862
505916
505975
505995
506006
506029
506066
506070
506163
506166
506292
506316
506403
506409
506429
506434
506463
506504
506584
506614
506620
506628
506743
506752
506767
506818
506904
506907
506933
506949
506974
506991
506992
507063
507072
507083
507119
507152
507167
507251
507265
507266
507329
507521
507634
507648
507671
507677
507690
507724
507725
507762
507801
507875
507912
507919
507930
508011
508026
508032
508040
508041
508044
508057
508062
508083
508119
508223
508298
508306
508342
508365
508393
508473
508507
508519
508629
508663
508719
508776
508779
508823
508881
508912
508920
508922
508962
508988
509001
509007
509024
509032
509070
509078
509105
509231
509279
509282
509302
509374
509380
509425
509434
509501
509521
509540
509573
509625
509627
509637
509646
509757
509782
509811
509823
509829
509849
509851
509990
510034
510072
510083
510129
510169
510218
510260
510267
510312
510356
510378
510411
510416
510485
510533
510562
510599
510654
510839
510885
510899
510927
510929
510939
510960
511002
511014
511054
511065
511098
511117
511173
511204
511226
511287
511296
511326
511365
511367
511372
511403
511451
511472
511605
511607
511660
511749
511999
512029
512056
512093
512135
512255
512262
512299
512353
512385
512430
512451
512535
512586
512597
512650
512658
512770
512818
512890
512928
512944
512978
512990
513023
513077
513174
513247
513321
513323
513328
513381
513421
513423
513599
513603
513607
513648
513691
513723
513751
513767
513967
513998
514017
514038
514048
514187
514201
514303
514368
514436
514446
514450
514551
514624
514635
514637
514684
514686
514719
514755
514859
514898
514912
514928
514956
514962
514993
515017
515054
515092
515118
515174
515176
515267
515278
515282
515394
515439
515459
515502
515513
515514
515518
515533
515564
515678
515716
515717
515745
515778
515800
515836
515840
515886
515890
515908
515923
515949
515997
516056
516077
516084
516086
516108
516179
516198
516282
516287
516317
516366
516367
516368
516430
516557
516581
516636
516642
516671
516699
516736
516738
516767
516864
516870
516871
516910
516944
516962
516969
517007
517019
517047
517049
517063
517096
517112
517154
517282
517305
517331
517420
517431
517454
517500
517514
517545
517562
517569
517579
517606
517689
517778
517804
517830
517852
518004
518026
518099
518132
518153
518155
518202
518211
518227
518268
518294
518332
518470
518471
518510
518528
518531
518533
518586
518608
518629
518669
518686
518701
518719
518782
518897
518926
518927
518956
518959
518970
519099
519140
519168
519176
519283
519353
519385
519472
519476
519518
519519
519525
519553
519588
519595
519682
519696
519708
519736
519827
519846
519864
519951
519962
519963
519997
520108
520115
520170
520251
520325
520386
520468
520469
520499
520561
520581
520597
520621
520629
520647
520692
520753
520779
520861
520881
520890
520897
520957
520963
520964
521036
521038
521083
521111
521136
521189
521237
521275
521332
521416
521497
521510
521512
521518
521637
521708
521721
521728
521738
521745
521748
521840
521874
521882
521886
521932
521985
521989
522029
522171
522218
522223
522240
522245
522288
522332
522378
522406
522407
522424
522432
522523
522595
522598
522609
522692
522699
522727
522762
523184
523209
523248
523326
523349
523389
523406
523440
523445
523558
523723
523808
523814
523816
523843
523851
523937
523995
524013
524049
524071
524131
524134
524157
524172
524243
524248
524265
524290
524360
524424
524490
524518
524596
524617
524652
524733
524752
524798
524848
524893
524906
524933
524937
524980
524986
525025
525028
525279
525296
525307
525445
525478
525636
525640
525661
525682
525699
525737
525788
525818
525821
525856
525873
525912
525932
525973
525984
526058
526107
526110
526112
526125
526205
526206
526218
526284
526315
526350
526389
526399
526482
526510
526516
526551
526618
526635
526642
526646
526727
526735
526853
526874
526931
526984
526997
527035
527101
527210
527296
527316
527331
527403
527414
527490
527511
527520
527561
527610
527621
527707
527744
527800
527819
527922
527931
527941
527977
528065
528085
528163
528299
528359
528515
528557
528572
528587
528695
528718
528733
528742
528755
528823
528825
528836
528886
528925
528975
529003
529009
529010
529026
529115
529125
529157
529233
529262
529436
529460
529504
529515
529572
529588
529594
529601
529631
529658
529662
529702
529708
529718
529740
529746
529787
529789
529831
529883
529914
530014
530079
530152
530165
530182
530192
530209
530239
530264
530347
530393
530396
530427
530437
530450
530616
530621
530674
530731
530743
530746
530775
530833
530853
530854
530866
530880
530951
530963
530994
531140
531181
531315
531316
531322
531339
531378
531386
531452
531467
531475
531480
531490
531523
531582
531599
531632
531704
531712
531782
531811
531830
531915
531938
531945
531995
532037
532168
532236
532258
532281
532304
532310
532320
532364
532370
532434
532474
532487
532505
532584
532715
532747
532798
532889
532951
532976
532977
532981
532984
533000
533045
533059
533123
533168
533188
533224
533228
533248
533283
533497
533502
533508
533600
533610
533617
533648
533649
533765
533773
533783
533817
533827
533840
533844
533854
533883
533891
533902
533944
533970
533972
534041
534048
534077
534103
534148
534242
534418
534436
534467
534495
534587
534674
534719
534755
534806
534810
534831
534836
534870
534885
534886
534904
534989
535026
535046
535058
535062
535069
535073
535082
535085
535115
535142
535161
535197
535238
535266
535390
535406
535496
535562
535629
535684
535744
535896
535913
536039
536040
536072
536100
536110
536147
536193
536221
536249
536272
536296
536362
536465
536523
536551
536554
536679
536683
536759
536789
536848
536898
536966
536988
537076
537179
537219
537232
537297
537300
537319
537451
537503
537519
537522
537543
537556
537573
537592
537598
537613
537661
537761
537792
537809
537838
537949
537994
538002
538007
538126
538178
538196
538215
538284
538286
538429
538440
538514
538608
538647
538652
538807
538927
538973
539001
539014
539125
539156
539262
539292
539295
539344
539357
539397
539541
539565
539591
539689
539738
539828
539878
539930
539931
539994
540065
540200
540221
540232
540295
540317
540323
540358
540378
540458
540483
540496
540538
540598
540620
540681
540858
540887
540930
540967
541066
541133
541206
541305
541409
541412
541478
541499
541544
541574
541617
541631
541732
541762
541790
541843
541868
541881
541936
541939
541968
541970
542073
542110
542170
542263
542321
542345
542350
542370
542383
542447
542495
542502
542504
542514
542531
542538
542564
542584
542599
542617
542673
542687
542889
542894
542895
542902
542991
542996
543012
543026
543032
543035
543055
543072
543093
543110
543118
543121
543124
543262
543267
543275
543294
543361
543470
543539
543555
543590
543685
543707
543793
543835
543845
543891
543924
543958
543977
544040
544065
544083
544108
544111
544176
544185
544188
544205
544259
544325
544403
544421
544456
544505
544509
544510
544569
544578
544580
544630
544643
544688
544785
544789
544807
544845
544881
544920
544960
544999
545007
545048
545081
545083
545114
545142
545215
545256
545309
545337
545348
545355
545356
545404
545411
545435
545440
545445
545482
545500
545540
545569
545599
545730
545747
545763
545765
545910
545955
545958
546029
546043
546048
546069
546204
546268
546281
546322
546392
546412
546448
546491
546599
546621
546677
546689
546712
546735
546751
546820
546823
546824
546840
546925
546927
546992
547022
547096
547113
547139
547161
547249
547291
547303
547337
547406
547429
547432
547468
547473
547510
547556
547569
547681
547719
547791
547811
547856
547877
548058
548149
548169
548255
548267
548319
548375
548455
548491
548504
548547
548577
548649
548765
548768
548778
548796
548835
548972
549012
549101
549233
549251
549288
549289
549291
549324
549354
549430
549439
549543
549704
549737
549746
549749
549803
549834
549848
549899
549909
549936
549976
550042
550130
550136
550187
550223
550230
550232
550255
550257
550270
550305
550339
550362
550363
550387
550414
550450
550470
550480
550497
550769
550783
550876
550991
551006
551010
551029
551115
551122
551158
551159
551214
551245
551329
551467
551511
551563
551575
551576
551592
551594
551596
551617
551644
551645
551659
551682
551729
551820
551885
552029
552049
552122
552145
552192
552241
552261
552356
552376
552397
552445
552465
552626
552658
552735
552772
552776
552792
552834
552873
552949
553041
553093
553167
553227
553259
553330
553398
553400
553416
553419
553423
553450
553495
553514
553525
553541
553563
553584
553631
553634
553696
553719
553787
553793
553812
553830
553880
554091
554131
554149
554165
554219
554265
554284
554437
554482
554487
554488
554520
554529
554581
554606
554629
554657
554737
554753
554806
554809
554826
554883
554896
555032
555040
555056
555101
555102
555124
555134
555150
555193
555251
555314
555360
555361
555411
555471
555573
555585
555611
555664
555681
555737
555740
555793
555815
555908
555947
555949
555971
555984
556116
556164
556265
556326
556327
556389
556482
556491
556573
556614
556632
556642
556650
556684
556832
556853
556924
556937
556960
556975
557014
557015
557085
557092
557153
557166
557285
557311
557347
557349
557410
557584
557731
557734
557774
557777
557783
557824
557838
557882
557915
558011
558026
558036
558129
558200
558238
558239
558245
558251
558295
558304
558310
558324
558372
558387
558486
558548
558610
558640
558649
558664
558672
558785
558799
558820
558836
558845
558855
558865
558894
558997
559041
559045
559135
559188
559224
559294
559345
559378
559444
559480
559528
559537
559539
559583
559592
559610
559650
559678
559780
559790
559815
559979
560011
560051
560085
560115
560128
560145
560183
560283
560321
560370
560375
560420
560445
560475
560506
560513
560604
560619
560700
560750
560758
560831
560840
560902
561013
561025
561088
561116
561169
561228
561237
561317
561327
561351
561403
561444
561463
561483
561505
561506
561536
561565
561567
561618
561668
561705
561738
561866
561885
561955
561987
562108
562132
562137
562188
562213
562221
562224
562236
562269
562289
562295
562304
562314
562327
562403
562411
562419
562459
562518
562668
562789
562790
562795
562865
562879
562918
562993
563011
563048
563171
563204
563254
563289
563311
563312
563324
563332
563374
563377
563401
563429
563440
563514
563558
563642
563647
563720
563766
563794
563813
563868
563870
563874
563877
563878
563914
564051
564087
564119
564158
564180
564245
564247
564260
564271
564272
564348
564362
564364
564437
564482
564488
564491
564541
564569
564585
564680
564713
564747
564759
564762
564806
564834
564868
564920
564925
564977
564989
565005
565010
565065
565151
565177
565187
565206
565243
565265
565268
565302
565319
565362
565534
565555
565557
565558
565698
565715
565742
565781
565815
565837
566031
566076
566129
566209
566261
566271
566274
566277
566286
566381
566387
566458
566506
566565
566649
566663
566684
566759
566778
566780
566864
566948
566956
567019
567035
567106
567117
567233
567308
567320
567389
567425
567430
567557
567586
567665
567678
567684
567703
567750
567773
567864
567869
567870
567931
567962
568015
568148
568179
568182
568270
568276
568288
568400
568403
568513
568555
568585
568619
568634
568651
568713
568762
568883
568896
568908
569040
569065
569110
569134
569135
569147
569181
569195
569230
569263
569270
569329
569330
569368
569468
569484
569489
569509
569588
569611
569619
569647
569696
569697
569727
569732
569748
569873
569891
569926
570009
570028
570058
570149
570173
570190
570293
570316
570342
570382
570383
570414
570435
570465
570512
570545
570556
570582
570600
570616
570663
570721
570804
570813
570848
570907
570916
571015
571068
571080
571102
571128
571133
571174
571190
571241
571310
571335
571359
571377
571414
571468
571500
571601
571646
571761
571766
571781
571837
571838
571891
571932
572011
572158
572201
572246
572289
572322
572352
572375
572419
572477
572556
572570
572640
572675
572706
572731
572751
572766
572896
572911
572966
573024
573073
573076
573203
573224
573279
573289
573310
573330
573346
573389
573400
573504
573564
573569
573682
573691
573700
573721
573745
573768
573797
573817
573822
573871
573946
573948
573958
574048
574089
574155
574157
574336
574344
574388
574475
574513
574559
574565
574728
574756
574773
574812
574889
574890
574985
575046
575103
575105
575109
575153
575173
575194
575201
575224
575236
575278
575279
575299
575305
575328
575390
575536
575592
575642
575669
575678
575706
575734
575750
575758
575837
575855
575903
575927
576021
576037
576131
576136
576155
576161
576164
576184
576195
576232
576284
576306
576334
576352
576391
576399
576560
576637
576659
576721
576724
576750
576779
576782
576798
576801
576812
576844
576911
576998
577073
577133
577183
577394
577433
577470
577513
577533
577538
577591
577606
577655
577666
577788
577808
577822
577824
577834
577857
577937
577958
577973
577974
577985
578023
578220
578301
578389
578403
578452
578496
578505
578506
578521
578529
578671
578698
578731
578733
578761
578829
578861
578937
578942
578944
578960
578969
579038
579060
579075
579082
579142
579157
579235
579249
579253
579268
579275
579320
579391
579408
579459
579498
579538
579575
579685
579910
579916
579917
579937
579956
579968
580016
580025
580078
580090
580100
580159
580230
580255
580264
580341
580427
580473
580517
580537
580538
580554
580706
580772
580855
580877
580899
580940
581097
581196
581197
581207
581254
581359
581365
581376
581393
581449
581515
581516
581526
581543
581577
581582
581598
581636
581642
581774
581840
581886
581929
581987
581994
581997
582034
582057
582110
582169
582188
582203
582209
582213
582214
582285
582348
582361
582436
582487
582529
582606
582607
582620
582623
582641
582699
582716
582746
582752
582756
582850
582869
582897
582942
582946
582975
582982
582990
583041
583061
583077
583185
583193
583197
583206
583238
583322
583374
583403
583424
583426
583462
583486
583496
583537
583571
583646
583694
583743
583807
583838
583959
584018
584021
584059
584077
584086
584105
584132
584139
584157
584176
584184
584202
584231
584238
584293
584436
584480
584503
584522
584566
584628
584669
584697
584742
584759
584816
584837
584838
584986
584992
585066
585157
585167
585171
585191
585230
585251
585289
585398
585470
585516
585533
585545
585619
585658
585663
585702
585706
585714
585726
585782
585821
585855
586116
586140
586142
586178
586256
586265
586310
586357
586376
586388
586440
586445
586524
586543
586546
586560
586570
586626
586633
586727
586745
586806
586833
586847
586869
586871
586893
586970
587006
587027
587083
587169
587198
587205
587316
587386
587496
587537
587608
587658
587698
587732
587786
588007
588010
588117
588134
588193
588222
588316
588332
588420
588497
588523
588525
588673
588681
588717
588735
588737
588742
588805
588815
588871
588900
588977
589023
589107
589119
589254
589261
589267
589283
589312
589322
589373
589387
589392
589406
589501
589577
589668
589677
589854
589932
589975
590032
590052
590077
590080
590107
590109
590136
590168
590301
590327
590332
590341
590347
590372
590409
590428
590440
590451
590522
590540
590543
590554
590678
590745
590780
590830
590875
590903
590978
591043
591075
591093
591101
591206
591224
591230
591260
591281
591298
591363
591374
591380
591386
591403
591415
591501
591590
591635
591641
591656
591672
591696
591709
591710
591714
591763
591770
591839
591841
591896
591929
592015
592041
592101
592119
592183
592202
592210
592218
592312
592364
592418
592432
592526
592554
592733
592777
592779
592981
593009
593025
593030
593041
593043
593050
593054
593074
593114
593122
593158
593182
593211
593231
593251
593266
593344
593355
593422
593436
593466
593542
593575
593600
593698
593718
593721
593760
593819
593959
594017
594026
594128
594163
594192
594195
594279
594311
594317
594393
594467
594550
594578
594582
594637
594738
594764
594825
594845
594855
594868
594906
594909
595091
595094
595108
595113
595137
595185
595214
595223
595237
595337
595348
595351
595516
595533
595581
595639
595643
595647
595665
595684
595694
595723
595726
595774
595790
595864
595890
595925
595939
596025
596061
596075
596147
596151
596157
596197
596200
596294
596304
596387
596393
596397
596421
596428
596431
596439
596443
596596
596668
596768
596772
596859
596869
596898
596911
596980
596993
597023
597047
597108
597120
597153
597170
597184
597216
597220
597246
597274
597280
597317
597320
597329
597333
597346
597355
597374
597390
597470
597471
597499
597535
597597
597609
597614
597664
597742
597768
597797
597804
597834
597871
597874
597913
597933
597946
597993
598042
598049
598093
598095
598110
598115
598153
598167
598205
598227
598339
598387
598452
598493
598498
598533
598553
598570
598580
598587
598659
598718
598730
598800
598854
598896
598927
598937
598970
599030
599053
599072
599122
599178
599208
599209
599323
599364
599382
599427
599467
599499
599522
599580
599587
599604
599618
599640
599667
599808
599817
600011
600025
600073
600093
600172
600212
600242
600291
600303
600331
600348
600354
600419
600475
600484
600488
600490
600496
600518
600595
600623
600644
600650
600673
600720
600755
600781
600818
600925
600941
601018
601032
601091
601166
601228
601274
601390
601397
601410
601431
601469
601507
601536
601548
601638
601671
601844
601869
601875
602017
602033
602125
602160
602171
602273
602317
602354
602361
602377
602379
602390
602414
602423
602442
602485
602491
602497
602550
602578
602669
602704
602751
602850
602858
602911
602929
602975
603041
603056
603097
603118
603129
603130
603149
603203
603222
603303
603305
603386
603421
603446
603596
603599
603815
603816
603882
603985
604003
604095
604119
604223
604243
604330
604413
604437
604494
604509
604588
604607
604632
604657
604766
604780
604790
604836
604924
604970
605001
605052
605054
605118
605123
605132
605136
605159
605216
605261
605306
605316
605318
605370
605401
605407
605425
605461
605517
605543
605569
605629
605681
605727
605761
605803
605851
605920
605961
605974
606058
606138
606144
606185
606326
606348
606435
606474
606482
606491
606534
606547
606596
606603
606641
606647
606698
606708
606832
606877
606938
606959
607135
607313
607351
607393
607586
607611
607734
607841
607904
607940
607945
607949
607957
607961
608081
608341
608364
608397
608411
608415
608424
608428
608441
608462
608466
608535
608568
608570
608578
608592
608669
608785
608887
608892
608935
608969
609023
609024
609117
609187
609214
609215
609217
609228
609229
609294
609295
609359
609415
609439
609494
609497
609619
609636
609654
609668
609688
609697
609775
609893
609901
609912
609983
610073
610087
610127
610130
610181
610201
610206
610234
610238
610316
610334
610342
610348
610397
610472
610546
610574
610594
610596
610597
610662
610669
610722
610732
610747
610759
610767
610795
610868
610876
610913
610965
610990
610991
611026
611038
611039
611069
611176
611184
611196
611242
611264
611379
611387
611398
611555
611559
611580
611616
611633
611648
611773
611779
611813
611816
611834
611842
611991
611992
612001
612069
612082
612113
612145
612166
612238
612300
612329
612403
612444
612497
612520
612586
612610
612618
612626
612738
612827
612885
612980
613084
613095
613100
613128
613175
613318
613451
613482
613495
613514
613521
613548
613589
613662
613669
613838
613842
613893
613913
613996
614193
614215
614221
614254
614552
614565
614646
614717
614744
614764
614798
614807
614817
614828
614834
614847
614880
614892
614915
615011
615018
615096
615111
615131
615225
615234
615301
615303
615348
615461
615471
615542
615601
615625
615631
615847
615911
615934
616031
616058
616076
616079
616119
616123
616171
616178
616266
616281
616304
616486
616505
616641
616707
616708
616717
616748
616750
616758
616780
616792
616823
616897
616912
616915
616984
616993
617026
617062
617122
617144
617159
617217
617236
617257
617292
617315
617339
617343
617383
617437
617530
617562
617606
617609
617611
617628
617636
617643
617721
617724
617742
617743
617801
617914
617933
617978
618082
618090
618112
618127
618129
618163
618169
618214
618255
618401
618447
618550
618619
618653
618657
618671
618693
618782
618798
618816
618823
618829
618927
618966
619029
619034
619089
619097
619134
619236
619237
619393
619445
619494
619571
619675
619723
619726
619815
619830
619845
619965
619966
619973
620021
620051
620173
620212
620296
620384
620413
620425
620560
620589
620607
620655
620664
620674
620683
620735
620787
620797
620829
620887
620906
621022
621039
621065
621156
621203
621220
621253
621286
621299
621377
621513
621549
621759
621835
621842
621847
621860
621879
621990
622102
622166
622168
622200
622213
622214
622246
622263
622274
622307
622310
622312
622334
622357
622358
622441
622467
622551
622589
622653
622698
622714
622729
622770
622801
622814
622819
622865
622875
622912
622927
622942
622953
622962
623011
623181
623225
623279
623386
623389
623396
623407
623418
623479
623535
623579
623616
623653
623654
623685
623696
623793
623814
623880
623929
623964
624088
624172
624185
624193
624209
624274
624301
624310
624397
624407
624425
624567
624599
624601
624658
624662
624689
624747
624875
624998
625100
625174
625236
625261
625268
625408
625448
625480
625566
625586
625596
625606
625635
625672
625785
625809
625838
625862
625878
625994
626020
626053
626067
626084
626139
626165
626248
626274
626310
626314
626339
626364
626393
626612
626712
626786
626847
626852
626882
626935
626999
627018
627128
627216
627315
627341
627343
627351
627386
627398
627543
627617
627657
627773
627782
627797
627845
627861
627939
627973
627996
628021
628039
628073
628078
628093
628261
628303
628335
628375
628398
628497
628505
628541
628546
628767
628775
628786
628809
628823
628837
628864
628874
628900
628926
629027
629053
629107
629118
629196
629299
629388
629405
629434
629494
629499
629523
629566
629582
629615
629679
629684
629685
629715
629726
629783
629815
629877
629980
629996
630010
630014
630051
630166
630251
630299
630320
630355
630372
630378
630407
630478
630514
630619
630702
630793
630822
630907
630929
631005
631010
631028
631051
631148
631178
631182
631221
631342
631387
631396
631441
631543
631547
631582
631644
631651
631660
631668
631694
631708
631713
631717
631730
631799
631846
631855
631931
631993
631994
631998
632021
632029
632041
632045
632055
632137
632187
632205
632256
632294
632339
632366
632539
632621
632655
632666
632675
632704
632727
632740
632751
632756
632758
632765
632780
632892
632935
633019
633024
633025
633073
633115
633122
633149
633159
633225
633293
633369
633370
633377
633386
633406
633440
633488
633516
633576
633603
633718
633795
633814
633904
633951
634032
634094
634139
634170
634193
634219
634228
634273
634305
634314
634354
634405
634455
634490
634518
634557
634631
634677
634681
634709
634749
634783
634867
634873
634875
634879
634909
634970
635028
635054
635097
635224
635227
635231
635337
635346
635425
635469
635512
635525
635571
635644
635652
635657
635813
635839
635849
635886
636112
636128
636174
636188
636201
636392
636411
636428
636460
636484
636528
636680
636709
636801
636881
636894
636898
636959
637009
637079
637137
637153
637216
637238
637239
637308
637310
637329
637332
637341
637358
637441
637498
637561
637562
637583
637611
637678
637694
637718
637748
637852
637856
637879
637881
637912
637921
637923
638083
638142
638170
638185
638203
638206
638248
638317
638321
638350
638497
638683
638730
638746
638813
638856
638888
638904
638939
639040
639090
639113
639193
639242
639357
639388
639433
639449
639460
639480
639491
639498
639506
639520
639531
639536
639558
639578
639621
639673
639676
639714
639785
639904
640026
640032
640042
640153
640157
640159
640275
640281
640404
640414
640442
640480
640496
640510
640580
640712
640728
640733
640832
640842
640859
640863
640887
640888
640916
640935
641141
641167
641228
641280
641294
641300
641328
641352
641353
641375
641451
641544
641706
641781
641900
641903
641917
641939
641979
641986
642104
642137
642176
642189
642266
642270
642304
642426
642445
642448
642450
642490
642548
642599
642603
642610
642619
642628
642637
642652
642714
642739
642823
642850
642862
642938
642961
642970
643049
643085
643117
643175
643219
643289
643367
643454
643455
643514
643533
643576
643585
643599
643644
643677
643692
643797
643816
643833
643835
643913
643992
644003
644011
644113
644135
644192
644223
644280
644320
644514
644546
644551
644591
644725
644749
644854
644880
644885
644995
645005
645124
645162
645209
645274
645366
645378
645392
645457
645488
645495
645544
645546
645609
645633
645672
645684
645726
645755
645767
645865
645874
645885
645943
645964
645965
646141
646172
646248
646256
646318
646342
646419
646498
646511
646614
646633
646634
646703
646722
646761
646765
646773
646782
646793
646825
646835
646858
646872
646911
646938
646972
647001
647065
647186
647194
647208
647229
647277
647278
647300
647326
647370
647400
647456
647525
647543
647546
647570
647583
647639
647701
647758
647782
647815
647822
647872
647926
647976
648009
648014
648079
648084
648260
648278
648340
648390
648399
648443
648455
648481
648494
648563
648585
648639
648731
648754
648767
648835
648915
648917
648924
648932
648962
648966
649079
649085
649156
649171
649176
649210
649261
649276
649304
649379
649384
649397
649437
649438
649507
649508
649565
649654
649660
649671
649730
649755
649809
649983
650039
650228
650232
650269
650272
650376
650652
650666
650680
650686
650736
650740
650779
650836
650890
650910
650954
650967
650973
651010
651064
651131
651137
651162
651370
651423
651500
651529
651530
651547
651597
651645
651668
651681
651682
651692
651711
651722
651792
651885
651955
651962
651965
651986
652072
652075
652080
652164
652191
652285
652334
652337
652341
652354
652382
652387
652414
652441
652457
652493
652505
652589
652691
652700
652728
652764
652770
652818
652871
652891
652931
652984
653023
653088
653092
653093
653107
653144
653199
653248
653311
653331
653341
653343
653399
653714
653717
653809
653842
653858
653902
653981
653986
653987
654011
654046
654199
654227
654294
654309
654365
654377
654405
654424
654503
654509
654518
654609
654614
654636
654654
654700
654788
654847
654849
654877
655043
655099
655110
655137
655243
655341
655373
655456
655610
655645
655647
655662
655736
655738
655818
655820
655841
655850
655981
655997
656038
656056
656067
656188
656227
656381
656420
656453
656468
656595
656618
656622
656710
656778
656786
656793
656819
656850
656855
656869
656913
656925
656935
656995
656998
657029
657041
657090
657112
657122
657139
657198
657289
657292
657340
657352
657381
657399
657415
657467
657491
657496
657543
657557
657560
657611
657666
657721
657741
657749
657753
657824
657848
657881
657971
657972
657979
657997
658016
658020
658031
658165
658226
658318
658358
658372
658394
658416
658543
658561
658591
658627
658643
658713
658750
658777
658778
658843
658878
658900
658933
659026
659193
659225
659241
659253
659260
659302
659362
659427
659460
659521
659567
659576
659634
659638
659662
659677
659692
659770
659783
659845
659865
659868
659875
659883
659942
659988
659989
659998
660025
660028
660107
660138
660215
660220
660248
660291
660295
660405
660466
660469
660501
660506
660522
660684
660687
660691
660702
660741
660748
660757
660762
660769
660771
660772
660840
661023
661079
661120
661133
661200
661217
661275
661296
661301
661372
661396
661411
661416
661468
661492
661548
661575
661674
661716
661717
661752
661798
661809
661819
661861
661869
661908
661917
661999
662027
662053
662071
662127
662235
662255
662431
662434
662525
662527
662532
662547
662548
662566
662571
662577
662591
662603
662701
662761
662872
662892
662905
662939
662990
663103
663127
663185
663264
663572
663604
663637
663676
663681
663706
663747
663758
663775
663813
663880
663911
663914
663921
664019
664042
664104
664113
664132
664146
664160
664218
664230
664314
664490
664502
664516
664577
664711
664721
664903
664949
664966
664971
665019
665061
665118
665143
665168
665179
665200
665274
665294
665336
665417
665546
665625
665713
665765
665841
665847
665860
665887
665901
665945
665954
666077
666124
666254
666263
666294
666299
666309
666315
666367
666408
666420
666436
666549
666695
666729
666741
666773
666840
666847
666857
666865
666929
666969
666989
667039
667090
667102
667126
667366
667402
667413
667414
667462
667467
667577
667587
667748
667840
667866
667927
668044
668141
668231
668275
668327
668346
668370
668379
668414
668452
668484
668587
668598
668664
668672
668698
668741
668765
668810
668848
668885
668919
668959
668981
669013
669087
669089
669091
669110
669148
669171
669246
669271
669284
669303
669344
669380
669584
669610
669615
669618
669641
669659
669849
669893
670118
670151
670153
670168
670173
670177
670219
670311
670325
670339
670451
670466
670527
670580
670586
670590
670599
670659
670760
670842
670844
670879
670883
670923
671049
671082
671135
671175
671185
671204
671272
671275
671315
671339
671353
671404
671494
671495
671523
671560
671648
671656
671669
671682
671780
671809
671813
671963
671979
672002
672056
672110
672185
672372
672408
672594
672682
672704
672705
672738
672819
672827
672857
672869
672887
672914
672933
672982
672995
673188
673194
673208
673215
673223
673227
673254
673264
673289
673319
673332
673359
673394
673410
673483
673495
673549
673563
673691
673693
673702
673708
673739
673807
673813
673833
673900
673925
674021
674024
674130
674285
674328
674415
674422
674446
674462
674481
674517
674550
674578
674596
674616
674689
674742
674760
674774
674798
674898
674975
675026
675028
675035
675084
675109
675138
675140
675220
675246
675280
675294
675306
675340
675351
675373
675450
675475
675479
675626
675667
675706
675709
675739
675862
675888
675910
675959
675964
676003
676047
676076
676100
676154
676188
676194
676198
676226
676262
676267
676309
676333
676338
676350
676456
676465
676473
676523
676627
676696
676776
676852
676934
676946
676984
676989
677026
677109
677153
677159
677161
677249
677287
677339
677380
677427
677435
677453
677476
677484
677498
677577
677585
677598
677616
677671
677702
677731
677743
677765
677896
677958
678052
678057
678094
678110
678144
678316
678338
678381
678383
678385
678424
678489
678602
678614
678644
678663
678723
678730
678849
678900
678932
678988
679011
679067
679074
679134
679334
679343
679354
679387
679389
679507
679644
679659
679704
679708
679742
679784
679836
679852
679889
679910
679981
680010
680011
680031
680073
680160
680163
680263
680283
680288
680318
680333
680373
680382
680391
680430
680489
680553
680614
680633
680644
680653
680654
680770
680825
680832
680878
680989
681013
681032
681042
681050
681063
681064
681191
681193
681233
681236
681248
681295
681309
681362
681532
681537
681613
681624
681651
681681
681716
681745
681754
681769
681773
681833
681835
681838
681879
681891
681910
681984
682006
682013
682068
682092
682128
682141
682410
682414
682507
682560
682603
682759
682874
682884
682964
682974
682983
683005
683023
683094
683102
683173
683238
683249
683283
683361
683427
683483
683538
683574
683614
683619
683649
683724
683735
683776
683782
683789
683835
683878
683917
683945
684003
684042
684074
684108
684157
684197
684200
684211
684261
684321
684339
684383
684405
684427
684463
684628
684671
684722
684771
684810
684858
684898
684900
684941
684976
685027
685064
685065
685159
685239
685288
685290
685335
685442
685444
685486
685514
685528
685556
685647
685655
685731
685764
685779
685826
685827
685846
685866
685934
685954
685959
686019
686048
686115
686141
686161
686215
686293
686396
686413
686483
686492
686554
686578
686625
686654
686677
686683
686742
686781
686833
686881
686884
686895
686904
686921
686965
686981
687026
687053
687067
687097
687139
687150
687205
687241
687269
687279
687303
687399
687455
687473
687522
687574
687580
687608
687698
687765
687792
687824
687858
687931
687934
688011
688124
688129
688183
688221
688234
688250
688291
688324
688509
688553
688556
688568
688633
688744
688755
688764
688790
688842
688869
688900
688981
689008
689027
689043
689127
689136
689162
689198
689202
689215
689250
689305
689366
689382
689465
689497
689576
689651
689669
689747
689751
689808
689836
689848
689851
690022
690024
690057
690087
690127
690135
690137
690175
690326
690332
690428
690576
690593
690630
690648
690776
690795
690815
690868
690922
690924
690938
690949
690988
691049
691119
691135
691140
691154
691155
691285
691331
691375
691415
691442
691518
691604
691630
691684
691701
691743
691793
691904
691979
692029
692083
692115
692134
692151
692183
692187
692192
692210
692312
692351
692361
692405
692448
692477
692480
692485
692487
692500
692511
692526
692575
692630
692648
692659
692715
692777
692795
692829
692895
692908
692966
693020
693036
693044
693064
693078
693079
693080
693151
693157
693184
693199
693205
693209
693230
693268
693304
693344
693462
693476
693478
693491
693502
693555
693566
693570
693585
693647
693680
693708
693717
693730
693761
693762
693855
693871
693897
693978
694004
694012
694069
694132
694148
694166
694209
694220
694233
694244
694254
694257
694345
694403
694425
694472
694474
694579
694677
694757
694869
694886
694963
695051
695076
695128
695166
695226
695228
695235
695271
695277
695341
695395
695431
695516
695561
695576
695589
695793
695811
695846
695859
695871
695874
695898
696012
696047
696094
696118
696181
696211
696219
696240
696260
696310
696349
696394
696439
696509
696515
696528
696583
696590
696634
696683
696720
696776
696839
696850
696867
696885
696968
697054
697112
697138
697287
697292
697350
697363
697408
697477
697499
697507
697625
697652
697693
697751
697755
697798
697801
697840
697884
697890
697896
697923
698084
698175
698178
698212
698219
698229
698292
698334
698387
698396
698418
698428
698432
698536
698543
698559
698707
698732
698753
698888
698930
698932
699080
699135
699161
699197
699214
699216
699234
699261
699296
699311
699339
699369
699379
699414
699469
699482
699512
699513
699554
699562
699655
699680
699727
699814
699815
699818
699828
699878
699895
699958
